1591056000000, 10210.1, 10235, 9300, 9525.4, 14963.95762982
1591142400000, 9516, 9690, 9310.9, 9664.1, 4383.39531009
1591228800000, 9670, 9884.7, 9465, 9791.4, 6818.32814269
1591315200000, 9792.1, 9855, 9537.9, 9617.7, 5121.00668816
1591401600000, 9617.6, 9731.2, 9527.4, 9672, 2681.15313308
1591488000000, 9668.7, 9812.4, 9386.6, 9757.7, 4869.61667609
1591574400000, 9755.7, 9800, 9626.8, 9780.9, 3571.19983983
1591660800000, 9782, 9900.4, 9560.3, 9778, 5905.61392668
1591747200000, 9778, 10000, 9680, 9892.4, 5841.62377546
1591833600000, 9892.2, 9990, 9090.5, 9265.8, 12247.96471877
1591920000000, 9265.8, 9545, 9234, 9460, 4753.441604
1592006400000, 9459.9, 9492.8, 9353.8, 9471, 1910.81428241
1592092800000, 9472.9, 9475, 9230.6, 9330.4, 2680.38680179
1592179200000, 9328.4, 9499.9, 8905, 9425.3, 9823.89428294
1592265600000, 9425.3, 9593, 9385, 9528.5, 5563.38048246
1592352000000, 9527.5, 9556.8, 9233.4, 9453.1, 5393.86904625
1592438400000, 9453.1, 9480, 9268.2, 9381.5, 3652.89691828
1592524800000, 9381.5, 9439.7, 9219.9, 9302.1, 4506.12586124
1592611200000, 9301.2, 9394.9, 9165, 9355.6, 2127.73045817
1592697600000, 9357, 9416.9, 9280, 9284.7, 2014.19981502
1592784000000, 9284.7, 9780, 9275, 9694, 5237.81344337
1592870400000, 9694, 9721.3, 9575.8, 9622.3, 3628.18725463
1592956800000, 9625.5, 9661.7, 9200, 9282, 5937.38256752
1593043200000, 9290.6, 9337.5, 8992.4, 9233.5, 6244.4004857
1593129600000, 9238, 9285, 9028.6, 9150.3, 5297.7242864
1593216000000, 9153, 9183.3, 8812.8, 9002, 4249.82947999
1593302400000, 9003.9, 9189.3, 8937.5, 9113.7, 2562.549236
1593388800000, 9113.8, 9230, 9013, 9183.5, 4167.07503225
1593475200000, 9186.4, 9199, 9061.3, 9133.9, 2685.85190593
1593561600000, 9135, 9300.3, 9094.2, 9234.5, 3526.7614126
1593648000000, 9233.9, 9269.2, 8935.6, 9086, 4547.45864937
1593734400000, 9086, 9123.1, 9041.4, 9058, 1652.16338851
1593820800000, 9058.1, 9194.8, 9044.9, 9138.5, 1524.40316113
1593907200000, 9138.5, 9143.5, 8915.1, 9083.8, 1933.66216977
1593993600000, 9083.8, 9372, 9065.2, 9348.2, 4710.44847333
1594080000000, 9347.1, 9378, 9204.1, 9256.8, 3589.57391325
1594166400000, 9258.4, 9480, 9237.6, 9440.1, 4307.70416024
1594252800000, 9440, 9440.1, 9155.2, 9240.2, 3776.71826166
1594339200000, 9236, 9314.9, 9125, 9286, 2668.97298418
1594425600000, 9286.1, 9296.7, 9186.4, 9234.6, 1145.08067707
1594512000000, 9234.5, 9340, 9161.5, 9300, 1679.96695486
1594598400000, 9300, 9367.7, 9195.7, 9236.2, 2850.69438337
1594684800000, 9237.2, 9275, 9095, 9252.2, 3085.47358479
1594771200000, 9253.9, 9272.7, 9155.1, 9195, 3307.12674699
1594857600000, 9194.9, 9208.8, 9021.7, 9130.9, 3908.40889536
1594944000000, 9131, 9182.1, 9078.5, 9152.2, 2171.67983091
1595030400000, 9152.2, 9208.9, 9123, 9174.1, 1053.26547125
1595116800000, 9173.7, 9238.2, 9111.1, 9213.7, 1355.34662685
1595203200000, 9216.1, 9224.6, 9131.5, 9163, 2034.71911035
1595289600000, 9163, 9436, 9157.3, 9393.8, 4022.04830186
1595376000000, 9393.9, 9569, 9281.8, 9529.9, 3139.86902079
1595462400000, 9529.8, 9676, 9460, 9612, 4565.29741884
1595548800000, 9612, 9649, 9480, 9553.6, 3345.55355981
1595635200000, 9553.6, 9748.1, 9540.9, 9710.2, 2412.07406077
1595721600000, 9712.1, 10197, 9666.7, 9939.6, 5224.80083782
1595808000000, 9939.6, 11420, 9937.1, 11046.1, 16317.13418061
1595894400000, 11051, 11263.1, 10588, 10934, 8489.68581504
1595980800000, 10934, 11348, 10852.2, 11108.2, 6258.41077832
1596067200000, 11111.1, 11187.2, 10828.8, 11114.8, 5060.25168109
1596153600000, 11114.8, 11460, 10980, 11356.2, 5391.8328751
1596240000000, 11356.1, 11883.4, 11239.4, 11809.9, 6935.58801917
1596326400000, 11811, 12126.6, 10590, 11067.1, 9103.23275731
1596412800000, 11072.1, 11484.2, 10827.9, 11237.3, 4734.35785204
1596499200000, 11237.1, 11419, 11028.5, 11197.5, 3413.51179664
1596585600000, 11200, 11791.4, 11099.2, 11746, 5230.82070658
1596672000000, 11746, 11912.2, 11579.3, 11771.5, 4417.04203441
1596758400000, 11771.5, 11918.7, 11350, 11603.5, 5264.97323381
1596844800000, 11603.5, 11813.8, 11540, 11768, 2217.98830939
1596931200000, 11768, 11804.9, 11532.5, 11687.5, 1618.55270851
1597017600000, 11689.7, 12082.9, 11535.5, 11898.7, 6928.45634041
1597104000000, 11898.7, 11939, 11133, 11391.7, 7265.36658733
1597190400000, 11391.6, 11620, 11163, 11576.6, 4049.32104614
1597276800000, 11576.7, 11799, 11269, 11794.6, 4296.45387091
1597363200000, 11794.8, 11867.1, 11658.5, 11772.6, 3549.5733847
1597449600000, 11775, 11988, 11675, 11858.3, 3176.27440204
1597536000000, 11855.6, 11939.5, 11701, 11916.8, 1955.26237298
1597622400000, 11919.9, 12480.6, 11775, 12301.7, 6920.63243919
1597708800000, 12301.7, 12393.7, 11807.7, 11957, 6055.4245285
1597795200000, 11955.2, 12020, 11569.4, 11757.4, 5945.74455341
1597881600000, 11757.2, 11899.7, 11675, 11864.6, 3273.1438885
1597968000000, 11864.5, 11884.8, 11500, 11522.7, 3996.10639778
1598054400000, 11522.7, 11687, 11350, 11672.7, 2777.53556332
1598140800000, 11672.7, 11715, 11525.2, 11652.6, 1207.43793131
1598227200000, 11653.2, 11821.9, 11600, 11764.8, 2158.19547377
1598313600000, 11760.5, 11768.8, 11120, 11330, 5257.9630376
1598400000000, 11330.1, 11539, 11251.7, 11469.5, 2742.52781267
1598486400000, 11469.6, 11598.8, 11128.4, 11327.9, 4707.31018559
1598572800000, 11327.9, 11549.7, 11283.8, 11532.6, 2688.00400619
1598659200000, 11531, 11580, 11408.1, 11480.9, 1489.53499146
1598745600000, 11480.9, 11715, 11469, 11713.1, 1357.35993004
1598832000000, 11713, 11785, 11580, 11656.9, 2463.34774191
1598918400000, 11657.2, 12068.6, 11532.8, 11926.8, 4033.23011004
1599004800000, 11926.3, 11955.3, 11187, 11396.9, 6177.247378
1599091200000, 11399.2, 11478, 10025, 10180.1, 10567.1521481
1599177600000, 10180, 10634.8, 9914.6, 10463.6, 7291.88858934
1599264000000, 10463.5, 10565, 9856.3, 10162.2, 6725.52374424
1599350400000, 10164, 10345, 10010, 10253.1, 2497.15786405
1599436800000, 10256.2, 10415.3, 9877.6, 10377.4, 4070.35031772
1599523200000, 10377.5, 10440, 9850, 10123.3, 5532.39183434
1599609600000, 10123.3, 10350, 9983.2, 10229.7, 3169.4485066
1599696000000, 10229.5, 10488, 10227.5, 10350.1, 3714.09087142
1599782400000, 10350, 10411.3, 10210, 10398.2, 2682.48875246
1599868800000, 10398.1, 10475, 10280, 10447.5, 2068.36599332
1599955200000, 10447.5, 10573, 10217.2, 10328.2, 2427.79196668
1600041600000, 10328.2, 10745, 10251.2, 10674.9, 4151.73228339
1600128000000, 10675, 10935, 10620, 10785.2, 4280.92435538
1600214400000, 10785.2, 11097.9, 10670.2, 10951.1, 4155.03620984
1600300800000, 10951.3, 11043.2, 10750.3, 10944.8, 3387.9454468
1600387200000, 10944.8, 11039.1, 10818, 10934.7, 2354.54057504
1600473600000, 10934.8, 11178.2, 10898.9, 11080.7, 1827.56916142
1600560000000, 11078, 11078, 10766.2, 10918.5, 2298.82352174
1600646400000, 10918.6, 10985, 10300, 10415, 6425.34807722
1600732800000, 10417.9, 10570, 10362.8, 10532.5, 3177.44162823
1600819200000, 10531.2, 10534, 10134.6, 10230.7, 4306.72297782
1600905600000, 10230.7, 10788.3, 10192.4, 10740.2, 4593.25293705
1600992000000, 10738.9, 10761.6, 10565, 10695.1, 3847.35826784
1601078400000, 10695.3, 10835, 10662.2, 10733.3, 1457.36381544
1601164800000, 10733.4, 10799, 10600, 10776.1, 1581.06337723
1601251200000, 10778.4, 10945, 10640, 10694.1, 3476.44848254
1601337600000, 10694.1, 10860, 10645, 10842.2, 2743.9082823
1601424000000, 10841.4, 10842.4, 10670, 10774.9, 2473.82922088
1601510400000, 10774.9, 10930, 10451, 10616.1, 5064.96171829
1601596800000, 10611, 10655.5, 10384.3, 10574.8, 3866.32730974
1601683200000, 10574.8, 10603.7, 10504.1, 10553, 1221.43053437
1601769600000, 10553, 10690, 10531.2, 10676.4, 1234.25174381
1601856000000, 10676.4, 10799, 10632, 10799, 2274.02057894
1601942400000, 10799, 10803.6, 10527, 10605.4, 3347.5426593
1602028800000, 10605, 10676.6, 10552.6, 10669.9, 2177.50587476
1602115200000, 10670, 10969.6, 10540, 10934.1, 4228.06693828
1602201600000, 10931.9, 11110.6, 10842, 11060.2, 3237.00773051
1602288000000, 11060.1, 11499, 11060.1, 11301.5, 3960.95890077
1602374400000, 11299.4, 11443.9, 11262, 11376.6, 2180.88632597
1602460800000, 11376.6, 11725.9, 11202.9, 11535.8, 4883.07187989
1602547200000, 11534.6, 11560, 11315, 11428.6, 3464.47542678
1602633600000, 11428.9, 11555, 11300, 11433.1, 2817.85908619
1602720000000, 11433.2, 11628, 11255.3, 11501, 3310.60603618
1602806400000, 11501, 11549, 11207, 11326.9, 3689.18449699
1602892800000, 11327, 11411.8, 11254.6, 11363.9, 1155.95428631
1602979200000, 11364, 11515.1, 11355.7, 11508.9, 1062.87912435
1603065600000, 11508.8, 11838.3, 11416.6, 11757, 4364.70701426
1603152000000, 11757, 12070, 11678.8, 11925.4, 5301.91244632
1603238400000, 11926.7, 13241.4, 11905.7, 12813, 11497.59347437
1603324800000, 12813, 13199, 12690.5, 12984.1, 5337.43662325
1603411200000, 12985.4, 13032.8, 12735, 12939, 3897.16955007
1603497600000, 12939, 13172.3, 12890.7, 13130.9, 1813.58698169
1603584000000, 13130.9, 13351, 12833, 13039.2, 3508.36779755
1603670400000, 13039.8, 13243.6, 12801, 13080, 4628.57769014
1603756800000, 13080, 13794.8, 13064, 13649.6, 7598.84407927
1603843200000, 13649.1, 13851.6, 12900, 13289.5, 8264.04057366
1603929600000, 13288, 13644, 12975, 13463.1, 5549.85025094
1604016000000, 13462.1, 13684.9, 13131, 13567, 6467.91601097
1604102400000, 13567, 14080, 13425.5, 13809.1, 5282.11155202
1604188800000, 13799, 13900.6, 13634.6, 13762.5, 2302.11145634
1604275200000, 13762.6, 13840, 13218.3, 13565.8, 5151.11685948
1604361600000, 13568.3, 14062.8, 13305, 14021.8, 5039.10250174
1604448000000, 14028.8, 14266.4, 13540.7, 14163.3, 7484.67922848
1604534400000, 14165.7, 15782.3, 14120.1, 15610.4, 13893.35310348
1604620800000, 15610.3, 15967, 15177, 15599.2, 9645.32707811
1604707200000, 15602.8, 15769.9, 14365, 14837.3, 7646.39947038
1604793600000, 14837.4, 15650, 14726.6, 15480.1, 4503.79086731
1604880000000, 15480, 15843.3, 14824.7, 15322.9, 7504.18058973
1604966400000, 15339.1, 15474.9, 15100, 15316.7, 3736.89301767
1605052800000, 15319, 15990, 15300, 15708.7, 6372.85620441
1605139200000, 15708.6, 16345, 15425.3, 16307.8, 9541.89852023
1605225600000, 16308.6, 16489.4, 15980.6, 16343.4, 6047.9709983
1605312000000, 16343.3, 16343.4, 15735, 16080.1, 3713.34899327
1605398400000, 16086.5, 16170.5, 15801, 15962.3, 2083.20526402
1605484800000, 15966.8, 16892.9, 15884.3, 16721.1, 6629.53381631
1605571200000, 16723.8, 17876.1, 16569.5, 17684.8, 10140.27825534
1605657600000, 17680, 18495, 17200, 17800, 13809.84372874
1605744000000, 17800, 18200, 17369, 17828.2, 6833.90109047
1605830400000, 17827.4, 18824, 17780, 18680.2, 6868.2597017
1605916800000, 18673.6, 18977.5, 18333, 18708.7, 4874.53549384
1606003200000, 18708.7, 18764.9, 17620, 18450.2, 6457.67189893
1606089600000, 18433.7, 18780, 18005, 18387.8, 6160.78140739
1606176000000, 18380.2, 19448, 18069.7, 19173.8, 9038.2961205
1606262400000, 19169.6, 19509.3, 18425.1, 18723.4, 6923.70078677
1606348800000, 18725.9, 18900, 16210, 17164.6, 18298.68923292
1606435200000, 17165, 17460, 16450.8, 17144.2, 5962.04838793
1606521600000, 17146, 17890, 16871.1, 17732.9, 5037.34622355
1606608000000, 17731.6, 18356.1, 17525, 18194.2, 5284.40097885
1606694400000, 18195.6, 19850, 16660, 19708.1, 13486.0180272
1606780800000, 19706.5, 19947.5, 18111, 18782.9, 12790.05335884
1606867200000, 18777, 19350, 18347.1, 19231.4, 6800.55853419
1606953600000, 19219.3, 19600, 18851.9, 19451.3, 5045.72826462
1607040000000, 19440.7, 19536.1, 18561.6, 18665.8, 5834.11698084
1607126400000, 18655, 19179.3, 18511, 19153, 2374.3677933
1607212800000, 19153.1, 19437, 18857.8, 19392.9, 2717.60065321
1607299200000, 19385, 19440, 18900, 19178.6, 3138.3648126
1607385600000, 19182.5, 19300, 18120, 18320.5, 6386.01889423
1607472000000, 18313.1, 18640, 17649.9, 18548.5, 7731.94332043
1607558400000, 18548.4, 18557.2, 17911.1, 18245.5, 4911.09036808
1607644800000, 18246.4, 18285, 17572, 18031.5, 6183.56417574
1607731200000, 18031.5, 18986.9, 18024, 18806.9, 4583.50043711
1607817600000, 18814.4, 19420, 18712.6, 19164.1, 4740.41168303
1607904000000, 19163, 19342.7, 19002, 19281.1, 3153.24214073
1607990400000, 19281, 19551.5, 19048.9, 19439.7, 5539.3514557
1608076800000, 19439.5, 21577.4, 19302.4, 21378.1, 11843.67879736
1608163200000, 21361.7, 23751, 21264.4, 22826.2, 18993.4418147
1608249600000, 22811.8, 23317.1, 22308.2, 23130.5, 6050.93755165
1608336000000, 23132.8, 24288.2, 22800, 23871.5, 6255.1278031
1608422400000, 23871.5, 24297.7, 23084.9, 23480.7, 5876.10037185
1608508800000, 23480.8, 24090, 21885.6, 22716.1, 10783.18264979
1608595200000, 22724.6, 23837, 22354.2, 23828.2, 5728.00766789
1608681600000, 23823, 24080, 22629.2, 23226.7, 8830.55195551
1608768000000, 23225.5, 23750, 22723, 23718.6, 4800.52521058
1608854400000, 23718.7, 24777.7, 23410.8, 24698.6, 6178.77951455
1608940800000, 24703.8, 26800, 24500, 26441.2, 9648.05536731
1609027200000, 26442.2, 28353.2, 25634.6, 26251.4, 14257.99861732
1609113600000, 26238, 27460.9, 26056.4, 27029.5, 7871.34149982
1609200000000, 27028.9, 27400, 25850, 27376.2, 8698.45260361
1609286400000, 27376.2, 28972.1, 27346, 28879.9, 10428.39122144
1609372800000, 28880, 29291.7, 27844, 28959.2, 7612.52438637
1609459200000, 28959.4, 29670, 28672.3, 29398.9, 5856.86897657
1609545600000, 29398.7, 33245, 29028.7, 32238.8, 19615.91350889
1609632000000, 32215.4, 34771, 32002, 33082.7, 12135.92577129
1609718400000, 33082.7, 33652.3, 27920, 32048, 16125.62840498
1609804800000, 32047.9, 34499, 29910.5, 34050, 10982.67553728
1609891200000, 34049.7, 36989, 33373.4, 36876.7, 12345.59200165
1609977600000, 36873.4, 40376.9, 36201, 39489, 16175.89556871
1610064000000, 39489, 41989, 36618, 40666.7, 14072.21903592
1610150400000, 40644.2, 41418, 38765.2, 40252.1, 5989.36250679
1610236800000, 40256.8, 41437.5, 34875, 38170.5, 14578.12038267
1610323200000, 38170.3, 38249.9, 30302, 35439.3, 27061.98196231
1610409600000, 35444, 36626.6, 32416.8, 34046.4, 13744.95201747
1610496000000, 34038.2, 37820, 32349.9, 37390.1, 13128.53982254
1610582400000, 37390.1, 40115, 36676.6, 39151.6, 10488.49678433
1610668800000, 39121.5, 39686.1, 34371, 36739.8, 13486.03839009
1610755200000, 36744.6, 37947.5, 35342.2, 36014.6, 8842.42252093
1610841600000, 36010.5, 36873.9, 33850, 35816.4, 9017.89627085
1610928000000, 35815.6, 37400, 34754.5, 36622.5, 7464.62633774
1611014400000, 36622.5, 37860, 35900, 35925.6, 6298.67637683
1611100800000, 35925.5, 36396.7, 33374, 35511.8, 9170.19074567
1611187200000, 35511.8, 35614.1, 30056.1, 30832.6, 19513.43295565
1611273600000, 30832.5, 33850, 28800, 33000, 15251.54979223
1611360000000, 33000.1, 33496.4, 31350, 32100.5, 6099.11396014
1611446400000, 32101.1, 33088.2, 30950, 32292, 4828.26804529
1611532800000, 32297.8, 34872.7, 31908.7, 32274.4, 9134.64789835
1611619200000, 32266.9, 32932.8, 30816.2, 32501, 8854.20510657
1611705600000, 32509.2, 32579, 29255, 30424.2, 11215.32690868
1611792000000, 30422.6, 33872.1, 29900, 33430.4, 8816.48779189
1611878400000, 33430.5, 38621, 32000, 34261.7, 20784.44273084
1611964800000, 34266.3, 34902, 32865.2, 34296.5, 5251.37596528
1612051200000, 34297.4, 34373.2, 32200, 33122, 4625.29985591
1612137600000, 33121.8, 34700, 32325.3, 33533.9, 5477.65375934
1612224000000, 33534.1, 36000, 33462.1, 35500, 6824.95472103
1612310400000, 35500, 37676, 35394.8, 37670.9, 7014.21979274
1612396800000, 37676, 38735.1, 36202, 36979, 7172.51303209
1612483200000, 36975.8, 38340, 36582.9, 38296.7, 4809.54280306
1612569600000, 38311.7, 40986, 38221.4, 39257, 9126.76729633
1612656000000, 39257, 39704.4, 37410.5, 38874.9, 5135.54003709
1612742400000, 38867.1, 46727.2, 38075, 46425.8, 13678.90387894
1612828800000, 46425.7, 48222, 45050, 46502.8, 10574.2177171
1612915200000, 46504.5, 47340, 43734.8, 44847.5, 6451.55893098
1613001600000, 44839.5, 48703.6, 44046.2, 47962.8, 7962.97492388
1613088000000, 47979.9, 48925, 46263, 47470.4, 5332.29630267
1613174400000, 47438.2, 48224.1, 46285, 47199.9, 2631.80889729
1613260800000, 47199.9, 49700, 47038.7, 48649.7, 3553.11213783
1613347200000, 48655.4, 49043.3, 45710.5, 47937.1, 5337.99924266
1613433600000, 47937.1, 50599.9, 47040.1, 49218.7, 6175.520692
1613520000000, 49185.6, 52779.6, 48967.4, 52130, 7320.83703094
1613606400000, 52130, 52555.1, 50904.2, 51600.9, 4118.2056143
1613692800000, 51590.5, 56349.9, 50683.4, 55926.9, 8055.79248517
1613779200000, 55926.5, 57500, 53961.9, 55938.7, 5846.24681261
1613865600000, 55931.5, 58339, 55490.5, 57478.3, 3727.83573597
1613952000000, 57475.9, 57567.6, 45002, 54154.8, 12299.53570482
1614038400000, 54128, 54200, 45000, 48899.8, 17080.21248951
1614124800000, 48899.6, 51442.5, 47015.7, 49727.7, 8110.23297686
1614211200000, 49726.1, 52071.9, 46702, 47061.5, 7523.62785681
1614297600000, 47072.1, 48449, 44120.3, 46314.5, 10050.93808767
1614384000000, 46307.2, 48350, 45022.9, 46170.2, 4235.54896417
1614470400000, 46163.9, 46706.2, 43020, 45245.4, 6840.39246604
1614556800000, 45234.7, 49818.1, 45046.8, 49620.7, 7070.92019864
1614643200000, 49615.3, 50225.8, 47050.2, 48486.2, 5796.81965376
1614729600000, 48495.9, 52600, 48160, 50400, 6721.5926205
1614816000000, 50400, 51820.4, 47500, 48330, 7226.22528712
1614902400000, 48330, 49539.3, 46312, 48734.7, 7480.67750585
1614988800000, 48767.4, 49232.2, 47111.9, 48899.9, 3104.70756826
1615075200000, 48906, 51470.2, 48905.9, 50962.3, 4519.00601948
1615161600000, 50971.3, 52432.9, 49368, 52375, 4669.97221169
1615248000000, 52383, 54929, 51875, 54929, 5890.74250935
1615334400000, 54922.7, 57378, 53051, 55851, 8091.88400907
1615420800000, 55859.9, 58150.1, 54286.3, 57809.9, 6111.04350087
1615507200000, 57807, 58069.5, 55040.2, 57234, 4971.61542626
1615593600000, 57238.9, 61724.6, 56073.2, 61174.9, 7245.63678712
1615680000000, 61174.9, 61639.2, 59001, 59001.1, 3394.47205511
1615766400000, 59001, 60580, 54593.8, 55600, 6721.10373802
1615852800000, 55627.6, 56891.1, 52500, 56891.1, 6381.12428361
1615939200000, 56891.1, 58951, 53752, 58933, 6509.29258273
1616025600000, 58940.5, 60000, 57007, 57640.9, 5831.85791094
1616112000000, 57640, 59461.5, 56243.1, 58101.8, 3859.35865644
1616198400000, 58085, 59880, 57545.2, 58091.6, 3369.76250794
1616284800000, 58080.5, 58835.6, 55536.5, 57378.4, 3911.9773463
1616371200000, 57368.8, 58403.2, 53775, 54095.1, 6156.27773216
1616457600000, 54098.2, 55814.9, 53011, 54351.3, 5033.1653273
1616544000000, 54341.2, 57200, 51641.8, 52293.8, 7897.28001289
1616630400000, 52280.4, 53219.9, 50436.3, 51314.9, 6482.78493088
1616716800000, 51318.2, 55107, 51239.1, 55062.2, 4954.12112589
1616803200000, 55062.1, 56668, 54000, 55852.4, 3968.91582671
1616889600000, 55852.5, 56550, 54690.9, 55782, 3562.54681255
1616976000000, 55782.3, 58619.7, 54919, 57624.2, 5884.89160022
1617062400000, 57627.5, 59380, 57055, 58781, 3941.68729389
1617148800000, 58781.1, 59800, 56813.8, 58786.2, 5451.56829086
1617235200000, 58780.4, 59474.6, 57917.1, 58732.9, 2449.85913479
1617321600000, 58732.9, 60025, 58500, 59020.7, 4199.50728875
1617408000000, 59020.7, 59867.1, 56955, 57099, 3552.82088064
1617494400000, 57099, 58495.6, 56468.4, 58195, 2188.9765912
1617580800000, 58195.1, 59278.1, 56820, 59120, 3422.70382389
1617667200000, 59120, 59462.8, 57377.1, 58017.1, 2656.52127465
1617753600000, 58017.2, 58652.1, 55460, 55928.5, 5047.943509
1617840000000, 55936.6, 58159.1, 55728, 58036.9, 2513.62946857
1617926400000, 58037, 58890.4, 57538.3, 58110, 3098.67964648
1618012800000, 58110, 61207, 57882, 59775.6, 5891.77000902
1618099200000, 59760.9, 60652.6, 59178.7, 59956, 2616.04617267
1618185600000, 59967.9, 61200, 59420, 59823.7, 3520.97100708
1618272000000, 59823.7, 63882.5, 59781.2, 63587.2, 6335.66384378
1618358400000, 63581, 64900, 61315, 62969, 6028.09926266
1618444800000, 62963, 63830, 62050, 63243, 2859.75955315
1618531200000, 63243.1, 63593.1, 60100, 61455, 5829.19713328
1618617600000, 61455.1, 62636.4, 59702.4, 60085.2, 3141.81775841
1618704000000, 60085.2, 60403.2, 51017.1, 56239.8, 12577.43028465
1618790400000, 56227.5, 57594.7, 54228.9, 55720, 6649.98616777
1618876800000, 55720, 57110.4, 53388.3, 56500, 7804.23191944
1618963200000, 56500, 56805.5, 53600, 53815.2, 4788.01353242
1619049600000, 53815.3, 55459.4, 50500, 51730, 10144.20407375
1619136000000, 51709.3, 52124.4, 47549.3, 51178.7, 11159.24338019
1619222400000, 51178.6, 51200, 48746.4, 50093.4, 4039.45909297
1619308800000, 50085.7, 50580.4, 47000, 49106.5, 5239.28585713
1619395200000, 49112.6, 54419.5, 48828.6, 54051.9, 6729.25517904
1619481600000, 54056.1, 55500, 53333.4, 55078.7, 3213.82542637
1619568000000, 55077.4, 56500, 53868.4, 54899.3, 3685.5205692
1619654400000, 54886.1, 55246.3, 52390.2, 53579.6, 4529.59420547
1619740800000, 53579.7, 57987.8, 53071.6, 57780, 4816.82419072
1619827200000, 57780.3, 58525.5, 57070, 57859.2, 2688.03364761
1619913600000, 57859, 57959.5, 56101, 56618.5, 2371.70518092
1620000000000, 56618.6, 58981.4, 56505, 57193.5, 3958.84291602
1620086400000, 57193.4, 57214.4, 53100.1, 53239.4, 6120.36675335
1620172800000, 53201.1, 57999.8, 53000, 57497.1, 5052.97311887
1620259200000, 57494.2, 58420.2, 55309, 56421.1, 3815.85290653
1620345600000, 56421, 58700, 55320, 57383, 4492.81138726
1620432000000, 57388, 59521.4, 57000, 58953.8, 4318.90529825
1620518400000, 58951.5, 59264, 56326, 58293.1, 4279.90854407
1620604800000, 58320.5, 59598.8, 53470, 55888.1, 6706.45928355
1620691200000, 55887.6, 56949.9, 54538.5, 56747.5, 3816.34383723
1620777600000, 56754.7, 57983.6, 48605, 49502.7, 8462.39814196
1620864000000, 49502.7, 51412.4, 45000, 49675.2, 13358.33626392
1620950400000, 49675.2, 51540, 48886, 49899, 5361.72008045
1621036800000, 49899, 50827.3, 46600, 46771.1, 5671.80945969
1621123200000, 46761, 49828.8, 43824.3, 46482.4, 8209.37403157
1621209600000, 46474.7, 46648.5, 42111.2, 43551.8, 11237.71585193
1621296000000, 43551.9, 45823.4, 42297.9, 42895.2, 7804.85576005
1621382400000, 42898.4, 43562, 29800, 36742.3, 32688.27140168
1621468800000, 36765.2, 42559.8, 35000, 40614.6, 14149.30379285
1621555200000, 40609.6, 42270.6, 33533.9, 37331.7, 17022.80288175
1621641600000, 37329.1, 38841.7, 35250.2, 37468.3, 9118.92396811
1621728000000, 37474.8, 38269.7, 31078.7, 34718.8, 14832.73851506
1621814400000, 34718.8, 39989.9, 34420.8, 38833.8, 11058.70760062
1621900800000, 38843, 39841.8, 36500, 38388.1, 9236.12557708
1621987200000, 38373.3, 40893.6, 37828.7, 39283.9, 9233.56525686
1622073600000, 39290, 40398, 37230, 38516.4, 5898.0065665
1622160000000, 38537.1, 38872, 34719, 35683.9, 9065.66347417
1622246400000, 35683.8, 37300, 33652.8, 34616.6, 5845.40830971
1622332800000, 34631.9, 36491, 33423.2, 35673.8, 4455.06304471
1622419200000, 35667.9, 37512.8, 34200, 37303.8, 6224.60594186
1622505600000, 37273.1, 37934.3, 35748, 36676.3, 5703.03293535
1622592000000, 36676.4, 38209.2, 35929.2, 37565.3, 6307.97937977
1622678400000, 37565.3, 39471, 37159.1, 39196.6, 5230.07628658
1622764800000, 39212.3, 39249.8, 35576.7, 36847.7, 4991.5174428
1622851200000, 36857.6, 37935.8, 34825.9, 35534.6, 5532.75325986
1622937600000, 35532.2, 36479.5, 35251.1, 35789, 3187.54640121
1623024000000, 35783.2, 36796.3, 33334.3, 33587.6, 6165.92045486
1623110400000, 33578.6, 34059.4, 31017.4, 33420, 10548.3269432
1623196800000, 33409.7, 37500, 32420.4, 37396.4, 9357.4721092
1623283200000, 37398.9, 38399, 35803.7, 36678.4, 7733.100593
1623369600000, 36684.5, 37654.3, 35952.7, 37322.2, 5218.29683239
1623456000000, 37322.2, 37449.5, 34680, 35544.9, 5765.37416875
1623542400000, 35544.9, 39409.4, 34801, 39034.6, 6771.22790455
1623628800000, 39035.7, 41068.9, 38734.1, 40530.8, 9383.6892931
1623715200000, 40529.1, 41341.8, 39461.1, 40166.6, 6924.35352876
1623801600000, 40167.3, 40493, 38120, 38337.1, 6487.20688845
1623888000000, 38337.1, 39561.4, 37405, 38078.2, 6003.22061827
1623974400000, 38078.2, 38193.1, 35126, 35824, 6558.4688904
1624060800000, 35824, 36450, 34901, 35490.5, 4485.07665571
1624147200000, 35484.2, 36112.2, 33370, 35595, 6286.3064383
1624233600000, 35595.7, 35750.8, 31260, 31655.2, 11395.95989903
1624320000000, 31620.6, 33290, 28816.6, 32516.2, 16188.93102211
1624406400000, 32516.5, 34879.4, 32402.3, 33683.3, 6290.89456843
1624492800000, 33685.8, 35311.2, 32333, 34666.6, 4823.6112407
1624579200000, 34669.6, 35509.1, 31278.3, 31583.7, 6444.51119144
1624665600000, 31577.3, 32691.1, 30179, 32277, 5160.37265399
1624752000000, 32275.9, 34700, 32025, 34675.3, 4214.10806148
1624838400000, 34700, 35288.1, 33872.6, 34472, 3680.10739483
1624924800000, 34475.9, 36643.2, 34268, 35903.3, 4467.51532235
1625011200000, 35876.6, 36090.7, 34066, 35046.2, 5223.90102591
1625097600000, 35070.4, 35070.4, 32717.2, 33532.4, 4023.92614027
1625184000000, 33513.6, 34000, 32721.4, 33802.9, 2762.79516981
1625270400000, 33802.8, 34930, 33348.9, 34685.4, 2772.05699173
1625356800000, 34685.3, 35948.9, 34381.1, 35305, 1575.85747848
1625443200000, 35305.1, 35305.1, 33080.3, 33697.6, 3947.92736985
1625529600000, 33700.1, 35113.4, 33555, 34235, 2949.3821625
1625616000000, 34215.4, 35065.4, 33825.5, 33885.1, 3122.54275335
1625702400000, 33885.1, 33946.8, 32112.6, 32882.2, 5379.87658215
1625788800000, 32878.4, 34088, 32273.3, 33791, 2699.30888779
1625875200000, 33820.7, 34252.8, 32968.2, 33522.2, 2916.1599983
1625961600000, 33516.5, 34612.1, 33335.1, 34246.9, 1476.82314333
1626048000000, 34246.9, 34665.7, 32678, 33107.3, 2411.81951801
1626134400000, 33101.8, 33340.7, 32204, 32722.9, 2831.07843838
1626220800000, 32722.9, 33114.5, 31555.6, 32815.2, 3406.33679921
1626307200000, 32815.2, 33188.3, 31150.1, 31832.6, 3350.03809698
1626393600000, 31868.5, 32250, 31050, 31405.9, 3545.77002185
1626480000000, 31405.9, 31934.4, 31175.2, 31510, 2493.57716534
1626566400000, 31503.3, 32440.4, 31133.4, 31780.1, 1750.63805531
1626652800000, 31783.9, 31894.6, 30415.1, 30820.5, 3015.01589352
1626739200000, 30827.2, 31065.9, 29288.6, 29788.1, 4981.12477971
1626825600000, 29788.1, 32844.4, 29505, 32125, 5662.44830623
1626912000000, 32125, 32607.9, 31722.4, 32283.3, 2665.92697389
1626998400000, 32283.3, 33639, 32015.1, 33639, 2340.25370689
1627084800000, 33639, 34525.9, 33431.8, 34284.6, 1796.60043371
1627171200000, 34281.7, 35436, 33869.9, 35413.6, 2190.29105584
1627257600000, 35421.2, 40533, 35254.9, 37274.9, 10290.15711038
1627344000000, 37270.3, 39524.3, 36406.8, 39506.2, 5033.90785498
1627430400000, 39475.1, 40919.1, 38805, 40011, 7225.18452812
1627516800000, 40025.4, 40625, 39267.2, 40000, 3197.10039471
1627603200000, 40000, 42306.8, 38345.1, 42229.6, 5116.81915079
1627689600000, 42234.9, 42400, 41060.9, 41488.5, 2953.69498726
1627776000000, 41500.2, 42598.7, 39413.5, 39889.1, 3446.98060983
1627862400000, 39889.9, 40440.8, 38700, 39152.3, 3504.70836076
1627948800000, 39152.4, 39791.1, 37655, 38163, 2952.96871944
1628035200000, 38163, 39950, 37527.9, 39749, 3280.09621767
1628121600000, 39749, 41403.5, 37355, 40886.4, 4722.98596131
1628208000000, 40886.5, 43401.9, 39900, 42823.9, 5187.40773336
1628294400000, 42861.7, 44721.8, 42495, 44610.7, 4617.87051633
1628380800000, 44612.1, 45348, 43320, 43845.6, 3667.28592934
1628467200000, 43845.6, 46484.1, 42827.7, 46307.1, 5654.10158153
1628553600000, 46300.8, 46688, 44666, 45595.1, 3102.04353969
1628640000000, 45606.9, 46736.4, 45373.5, 45571.7, 3504.5328103
1628726400000, 45570, 46195.4, 43800.1, 44401.1, 3570.42624032
1628812800000, 44401.1, 47898.5, 44251.2, 47823.3, 3816.14935216
1628899200000, 47823.2, 48164, 46042.5, 47115.2, 2970.19914208
1628985600000, 47111.8, 47385, 45550, 47019.3, 2101.35909566
1629072000000, 47023.7, 48072.6, 45697.4, 45926.3, 2739.39057218
1629158400000, 45926.2, 47172.3, 44401.2, 44672.2, 3292.64236716
1629244800000, 44672.3, 46000, 44250, 44714.7, 3213.17945183
1629331200000, 44720.2, 47062.2, 44000, 46765.3, 2627.8533089
1629417600000, 46770.8, 49400, 46662.9, 49345.4, 3541.23372143
1629504000000, 49345.5, 49790, 48267.6, 48865.4, 2697.47503994
1629590400000, 48865.3, 49532.3, 48058.1, 49293.6, 1740.18402632
1629676800000, 49293.4, 50500, 49060, 49517.3, 3119.26102911
1629763200000, 49517.2, 49867, 47601.1, 47725.4, 3149.29294249
1629849600000, 47715.1, 49245, 47146.3, 48991.3, 2613.92333568
1629936000000, 48991.4, 49350, 46284.8, 46848.9, 3194.86087564
1630022400000, 46846.7, 49174.9, 46386.4, 49074.9, 2672.64773984
1630108800000, 49074.9, 49314, 48393.9, 48895.7, 1300.71840626
1630195200000, 48895.7, 49653.9, 47800, 48787.7, 2232.52440756
1630281600000, 48787.7, 48900, 46861.6, 46985.7, 2528.07798392
1630368000000, 46987.1, 48248, 46715, 47140, 2213.75081915
1630454400000, 47140, 49137.3, 46550, 48872.2, 2575.08182011
1630540800000, 48872.1, 50372.9, 48622, 49290.3, 3436.66451617
1630627200000, 49290.2, 51009.7, 48356, 50018.6, 3628.82427331
1630713600000, 50022.9, 50559.5, 49363.6, 49956.1, 1604.31873364
1630800000000, 49956.1, 51890.9, 49512.4, 51767.9, 1807.72703411
1630886400000, 51768, 52800, 51025.5, 52688.3, 2979.38538145
1630972800000, 52688.2, 52900, 42000, 46882.1, 8797.55337277
1631059200000, 46889.5, 47362.4, 44444, 46073.4, 3486.87082391
1631145600000, 46064.3, 47399, 45498.7, 46389.6, 2328.76679262
1631232000000, 46389.7, 47035.8, 44135.2, 44842.2, 3303.07297039
1631318400000, 44842.2, 45992.4, 44741, 45137.4, 1239.97337633
1631404800000, 45148.8, 46487.9, 44770, 46061.3, 1202.06666163
1631491200000, 46061.3, 46879, 43374.9, 44965.8, 3673.51904919
1631577600000, 44965.8, 47260, 44700, 47145.9, 2114.13267011
1631664000000, 47110.5, 48481, 46744, 48152.3, 2160.39781268
1631750400000, 48152.3, 48485.8, 47030.1, 47786.9, 2372.97320098
1631836800000, 47786.9, 48185.9, 46745.7, 47269.7, 2007.83571876
1631923200000, 47269.7, 48800, 47077.9, 48309.9, 1277.08379196
1632009600000, 48306.9, 48379.1, 46851.2, 47237.8, 1219.51050215
1632096000000, 47247.3, 47307.7, 42510, 42992.9, 5755.78647313
1632182400000, 42992.9, 43624.7, 39579, 40710.6, 7261.15160457
1632268800000, 40710.5, 44024.2, 40600, 43562.8, 3503.53780428
1632355200000, 43563.3, 45000, 43111.6, 44889.8, 4176.71154133
1632441600000, 44888.9, 45153, 40750, 42833.2, 4412.37782314
1632528000000, 42831.7, 43021.7, 41705.1, 42710.1, 1058.57183586
1632614400000, 42710.1, 43930.4, 40802.7, 43204.6, 2250.76323745
1632700800000, 43175.2, 44333, 42120.7, 42176.3, 1977.89964159
1632787200000, 42176.3, 42750, 40875.6, 41038.4, 2231.71257206
1632873600000, 41016, 42579.9, 40772.2, 41524.8, 1708.258859
1632960000000, 41523.9, 44100, 41423.7, 43798.7, 3053.64629071
1633046400000, 43798.7, 48475, 43300.3, 48163.7, 6512.54048595
1633132800000, 48168.8, 48349.2, 47487.1, 47662, 1621.17649347
1633219200000, 47657.3, 49257.9, 47131.1, 48230.2, 1653.13750113
1633305600000, 48228.6, 49500, 46895.8, 49243.3, 2828.9287497
1633392000000, 49239.2, 51888, 49084.3, 51487, 4047.31458904
1633478400000, 51492.9, 55770, 50366.4, 55350.2, 7380.2335466
1633564800000, 55350.2, 55352.2, 53399.8, 53817.3, 3123.86022397
1633651200000, 53817.4, 56114.1, 53685, 53960.5, 2630.77229183
1633737600000, 53960.9, 55515.1, 53700, 54960.2, 1238.78854205
1633824000000, 54967.4, 56500, 54118.6, 54677.5, 2295.10818143
1633910400000, 54678.9, 57837.7, 54450.2, 57499.5, 2787.09612904
1633996800000, 57482.8, 57673.8, 54019.2, 56010.1, 3699.83673303
1634083200000, 55991.9, 57777, 54271.2, 57381.2, 3018.73591985
1634169600000, 57381.2, 58580.4, 56825, 57377.6, 2594.22360564
1634256000000, 57357.1, 62887.5, 56888.5, 61656.2, 5171.6576872
1634342400000, 61669.8, 62400, 60162, 60873.4, 1963.72806446
1634428800000, 60868.5, 61674.3, 58900.2, 61526.5, 2142.26443974
1634515200000, 61526.1, 62672.6, 59900, 62037.7, 3406.19056422
1634601600000, 62009.6, 64448, 61320, 64284.9, 3564.49206667
1634688000000, 64291.6, 66982.2, 63546.2, 66035.8, 3553.40150674
1634774400000, 66035.7, 66637.8, 54100, 62198, 6504.96114837
1634860800000, 62197.4, 63757.9, 60034.2, 60687.5, 2972.78004094
1634947200000, 60687.5, 61713.9, 59610.4, 61296.9, 1276.37709253
1635033600000, 61297.6, 61450, 59523, 60882.5, 1443.19001317
1635120000000, 60865.1, 63700, 60674, 63081.8, 2256.83615934
1635206400000, 63081.7, 63288, 59824.2, 60310.2, 2575.37764474
1635292800000, 60325.1, 61477.1, 58140.6, 58500.1, 3960.97911128
1635379200000, 58500.1, 62490, 57948, 60613.5, 4521.77779399
1635465600000, 60604.5, 62950, 60223.5, 62246.5, 2728.85257089
1635552000000, 62246.4, 62359.2, 60741.1, 61866.3, 1202.80701854
1635638400000, 61879.2, 62422.8, 60051, 61380.1, 1518.03039144
1635724800000, 61380.1, 62500, 59449.1, 60954.5, 2653.29145478
1635811200000, 60954.5, 64327, 60665.9, 63279.7, 2748.17239322
1635897600000, 63279.8, 63550.4, 60810.3, 62942.9, 2575.67753077
1635984000000, 62938, 63115, 60644.2, 61449, 1875.76279461
1636070400000, 61448.9, 62631.9, 60804.4, 61006.2, 1431.43066774
1636156800000, 61007.4, 61602.1, 60129.8, 61536.3, 1337.98498424
1636243200000, 61535.4, 63317.8, 61388, 63317.8, 1554.00196888
1636329600000, 63319.6, 67777.7, 63319.6, 67559.8, 3863.09584021
1636416000000, 67550.8, 68495, 66316, 66950, 3128.97221828
1636502400000, 66950.1, 68991, 62700.1, 64969, 6353.72059707
1636588800000, 64969, 65611.8, 64108.2, 64825.4, 1606.79177842
1636675200000, 64825.1, 65483.2, 62300.5, 64153, 3153.29539572
1636761600000, 64151.3, 64982.5, 63415, 64393.1, 1391.47442027
1636848000000, 64394.5, 65495, 63636, 65495, 1479.87272892
1636934400000, 65495, 66349.6, 63423.1, 63615.8, 2184.39391802
1637020800000, 63615.8, 63615.8, 58630, 60137.2, 5540.52398412
1637107200000, 60137.2, 60847, 58400, 60367.8, 3122.33470998
1637193600000, 60368.6, 60964.4, 56526.2, 56921.7, 4581.79458966
1637280000000, 56910.8, 58384.5, 55674, 58099.6, 2241.91928531
1637366400000, 58107.2, 59879, 57435.2, 59744.2, 1745.52134658
1637452800000, 59744.2, 60050, 58532.8, 58646.2, 1374.08430752
1637539200000, 58660.3, 59411.8, 55633.6, 56295.5, 3918.65750364
1637625600000, 56290.2, 57850, 55362.7, 57571.4, 3805.19371754
1637712000000, 57574, 57738.9, 55909, 57203.3, 2504.62452366
1637798400000, 57170.4, 59400, 57053, 58932.6, 2779.68931391
1637884800000, 58955.3, 59193.8, 53571, 53789, 6087.34825408
1637971200000, 53776.5, 55314.1, 53658.6, 54784.9, 2957.23458865
1638057600000, 54757.5, 57485.7, 53300, 57300, 2157.9423935
1638144000000, 57300, 58890, 56755.1, 57830.2, 2979.13113578
1638230400000, 57830.2, 59230, 55932.6, 56980.7, 3880.88229894
1638316800000, 57007.4, 59090.7, 56520, 57237.9, 4211.55503309
1638403200000, 57237.2, 57410.2, 55848.2, 56526.4, 3226.83483391
1638489600000, 56528.2, 57688.9, 51752.6, 53678.6, 4366.26508638
1638576000000, 53675, 53893.4, 40150.1, 49255.1, 8936.37566525
1638662400000, 49245, 49750, 47832.2, 49443.3, 3742.51070914
1638748800000, 49444, 50957.6, 47210, 50564.3, 4070.39292399
1638835200000, 50544.8, 51955, 50100, 50650.1, 2712.74988414
1638921600000, 50650.1, 51202.5, 48579.3, 50515.1, 2997.49647882
1639008000000, 50525.1, 50819.5, 47298.4, 47581.6, 2691.4998108
1639094400000, 47576.4, 50114.2, 46888.8, 47218.3, 3323.5417558
1639180800000, 47173.9, 49500, 46800, 49367.2, 2068.41677139
1639267200000, 49406, 50788.4, 48697.8, 50113.2, 2022.36398205
1639353600000, 50098.8, 50219.8, 45759, 46732.2, 4915.42307275
1639440000000, 46732.2, 48690, 46313.7, 48399.2, 3830.82406355
1639526400000, 48399.2, 49512.5, 46632, 48881.3, 4250.48170763
1639612800000, 48881.8, 49465.6, 47560, 47631, 3345.27383697
1639699200000, 47639.9, 48001.9, 45500, 46168.3, 3794.87579595
1639785600000, 46166.6, 47333.6, 45520.2, 46864.3, 1868.98749955
1639872000000, 46858, 48289, 46484.8, 46688.4, 2067.31974122
1639958400000, 46687.8, 47549.8, 45600, 46898.1, 2989.01728747
1640044800000, 46907.3, 49321.1, 46676.5, 48925.9, 3879.22273194
1640131200000, 48925.9, 49599.8, 48491, 48624.9, 2036.6421753
1640217600000, 48624.9, 51391.2, 48042.3, 50818.8, 3079.33948002
1640304000000, 50818.8, 51844.4, 50456, 50834.3, 2363.11059866
1640390400000, 50834.2, 51154.2, 50209.2, 50436, 1222.79596971
1640476800000, 50436.1, 51242, 49427.9, 50797.3, 1079.30404079
1640563200000, 50797.4, 52111, 50480.2, 50687.4, 1629.37532299
1640649600000, 50687.5, 50693.5, 47305.5, 47548.1, 3521.5091963
1640736000000, 47549.8, 48123.7, 46120, 46473.2, 2346.5654002
1640822400000, 46464.5, 47907.4, 45930.1, 47143.8, 1928.68412237
1640908800000, 47143.8, 48591.6, 45530.3, 46150, 3113.01771651
1640995200000, 46150, 47922.6, 46150, 47738.3, 2133.68707098
1641081600000, 47736.5, 47950.4, 46700, 47304.6, 1343.75926236
1641168000000, 47301.2, 47567.2, 45707.9, 46452.6, 2133.14177926
1641254400000, 46452.5, 47500, 45548.7, 45858.5, 2219.89025735
1641340800000, 45858.5, 47066.5, 42505, 43410, 4070.48287759
1641427200000, 43432.5, 43748, 42424, 43124.4, 4794.70132537
1641513600000, 43124.5, 43134.9, 40666, 41523.6, 5771.29230856
1641600000000, 41523.7, 42302.4, 40555, 41693.2, 2564.73685397
1641686400000, 41693.2, 42786.7, 41249.7, 41862.9, 2006.61458019
1641772800000, 41867.1, 42239.6, 39659.9, 41855.3, 4131.28228197
1641859200000, 41855.2, 43127.5, 41315.5, 42728.8, 3316.84906075
1641945600000, 42728.8, 44348.5, 42480, 43927.8, 2847.97173242
1642032000000, 43927.8, 44420.1, 42352, 42550, 2960.06741848
1642118400000, 42550, 43473.1, 41800, 43090, 2711.96112072
1642204800000, 43090, 43791.6, 42600, 43111.5, 975.55181847
1642291200000, 43111.5, 43463.8, 42614.9, 43114.5, 1264.00992817
1642377600000, 43114.5, 43200.6, 41579.2, 42248.1, 1677.42017272
1642464000000, 42248, 42667, 41288, 42383, 1863.19822019
1642550400000, 42371.3, 42577.8, 41159, 41686.2, 1920.18836342
1642636800000, 41686.2, 43497.4, 40577.1, 40686.9, 3095.76886468
1642723200000, 40686.9, 41115.7, 35409.7, 36468.4, 8876.99831104
1642809600000, 36446.2, 36814.5, 34007.7, 35067.6, 5382.91732991
1642896000000, 35070.8, 36500, 34613.3, 36277.5, 2385.56399264
1642982400000, 36270.1, 37500, 32940.1, 36699.5, 7639.65509652
1643068800000, 36699.5, 37552.8, 35685.3, 36987.8, 3186.96357197
1643155200000, 36994.6, 38899.9, 36251.2, 36827.6, 5526.19694083
1643241600000, 36827.7, 37242.5, 35548.5, 37200.5, 4276.48017388
1643328000000, 37168, 37999.9, 36172.3, 37737.9, 2662.80699128
1643414400000, 37735.7, 38719.5, 37275.7, 38164.9, 1737.65164383
1643500800000, 38188.3, 38358, 37389, 37930.1, 1037.63136699
1643587200000, 37914, 38786, 36667.5, 38512.1, 2521.02829205
1643673600000, 38512, 39290, 38050, 38719.9, 3336.01346913
1643760000000, 38721.4, 38878.8, 36600, 36903.3, 2725.79712871
1643846400000, 36921.5, 37389, 36269.8, 37324.4, 1721.53526412
1643932800000, 37324.3, 41774, 37073.9, 41585.5, 4269.98627591
1644019200000, 41597.2, 41926.4, 40883.7, 41419, 2211.15688361
1644105600000, 41419, 42694.5, 41141.9, 42419.5, 1818.07180806
1644192000000, 42426.1, 44528.6, 41697.4, 43867.2, 4604.68183967
1644278400000, 43873.1, 45500, 42709.6, 44079.1, 3432.44974988
1644364800000, 44083.1, 44831, 43187.2, 44420, 3210.42939961
1644451200000, 44420.1, 45900, 43228, 43537.5, 5478.5708455
1644537600000, 43537.5, 43944.9, 42000, 42400.2, 3361.39012862
1644624000000, 42400.1, 43038.2, 41760.6, 42241, 1939.69954808
1644710400000, 42241.1, 42768.5, 41893.1, 42062.6, 1124.71740372
1644796800000, 42062.5, 42852, 41573.1, 42563.5, 1918.26713617
1644883200000, 42563.4, 44770.8, 42469.6, 44563.1, 2190.91991458
1644969600000, 44563.1, 44580.2, 43236.5, 43873.1, 1752.90643025
1645056000000, 43873, 44179.4, 40100, 40543.9, 3689.51402963
1645142400000, 40547.4, 40957.3, 39455.6, 40007.4, 2828.69293901
1645228800000, 40007.4, 40450, 39669.9, 40095.8, 882.82915067
1645315200000, 40094.3, 40135.1, 38000, 38400, 2787.87293186
1645401600000, 38400.1, 39490.9, 36782.6, 37019.2, 4647.63225861
1645488000000, 37024.2, 38418.6, 36366, 38256.3, 3384.21407444
1645574400000, 38256.3, 39250, 37086.6, 37250.1, 3233.97286466
1645660800000, 37250.1, 39739.9, 34333.2, 38340.8, 10301.12682637
1645747200000, 38343.6, 39700, 38032.3, 39233.5, 3274.94243275
1645833600000, 39233.5, 40277.9, 38601.4, 39120.2, 2105.17169396
1645920000000, 39120.2, 39888, 37029.8, 37709.1, 3515.96748312
1646006400000, 37709.2, 44194.2, 37447.6, 43194.7, 7314.11345705
1646092800000, 43188.4, 44955.9, 42841.4, 44427.9, 7671.69749402
1646179200000, 44428, 45349, 43357.1, 43922.5, 5010.48568508
1646265600000, 43922.2, 44085.4, 41822.8, 42465, 4384.6066448
1646352000000, 42465, 42499.9, 38586.3, 39137.5, 7393.53006724
1646438400000, 39137.4, 39624.6, 38618.6, 39396.4, 1543.22449458
1646524800000, 39396.3, 39678.9, 38114.2, 38416.3, 2535.06497779
1646611200000, 38420.4, 39545, 37159.4, 38024, 4162.00634999
1646697600000, 38009.8, 39373, 37888, 38752.6, 3726.95170728
1646784000000, 38752.6, 42590.6, 38682, 41965.3, 5254.01264092
1646870400000, 41959, 42041.8, 38576, 39435.8, 4643.71243332
1646956800000, 39435.8, 40222.4, 38251.5, 38732.1, 3504.67790685
1647043200000, 38727.7, 39499.8, 38699, 38785, 1553.27093634
1647129600000, 38785, 39300, 37593.9, 37788.4, 2300.05265452
1647216000000, 37783.7, 39899.8, 37584.5, 39689.2, 3450.83079618
1647302400000, 39689.2, 39900, 38170, 39325.4, 2579.94641366
1647388800000, 39321.7, 41706.8, 38807.5, 41124, 6599.08148766
1647475200000, 41129.9, 41469.1, 40549.1, 40945.6, 2322.33915065
1647561600000, 40941.1, 42368.6, 40179.1, 41775.1, 2583.79104383
1647648000000, 41778.7, 42379.6, 41537.5, 42218, 1298.20726204
1647734400000, 42218, 42308.2, 40945, 41289, 1967.29109207
1647820800000, 41286.1, 41572.4, 40510.1, 41014.3, 1953.95048662
1647907200000, 41014.3, 43402.6, 40916.3, 42377.8, 3336.94513036
1647993600000, 42377.7, 43010.6, 41811.1, 42910.3, 2207.87184726
1648080000000, 42910.2, 44246.9, 42637.4, 43989, 2598.22403232
1648166400000, 43989, 45105, 43604.8, 44315.5, 3654.14485579
1648252800000, 44315.5, 44800, 44135.1, 44548, 1165.03671815
1648339200000, 44547.2, 46976.1, 44439.4, 46855.2, 1895.85174777
1648425600000, 46855.3, 48200, 46683.5, 47137.9, 3417.22162374
1648512000000, 47138.3, 48123, 46912.5, 47440.2, 1877.20497352
1648598400000, 47440.3, 47707.9, 46570.6, 47059.3, 1737.31775671
1648684800000, 47079.2, 47598, 45250, 45524.3, 2320.05234427
1648771200000, 45523.5, 46710.9, 44257.6, 46312, 4181.29834325
1648857600000, 46312, 47200, 45666.1, 45828.6, 1420.1895203
1648944000000, 45828.6, 47444.9, 45566, 46423.4, 1245.97997739
1649030400000, 46424.2, 46888, 45153, 46617.1, 1910.97459708
1649116800000, 46617.1, 47188.4, 45377, 45479.2, 1882.88025051
1649203200000, 45498.3, 45534.3, 43123.7, 43179.4, 4589.10698672
1649289600000, 43179.5, 43920.8, 42750, 43469.8, 1565.17601256
1649376000000, 43469.8, 43968.7, 42126, 42282.6, 2238.74341635
1649462400000, 42282.6, 42805.1, 42111, 42764, 621.74608186
1649548800000, 42781.7, 43416.4, 41805.4, 42160, 1121.27095145
1649635200000, 42164.9, 42411, 39240, 39534.6, 3303.8990908
1649721600000, 39530.5, 40683.4, 39269.4, 40078.7, 2170.32737648
1649808000000, 40078.7, 41548.4, 39598, 41150, 2414.27057701
1649894400000, 41150, 41480, 39600, 39954.9, 1895.26356688
1649980800000, 39953.7, 40890.3, 39800, 40569.9, 1177.17180956
1650067200000, 40570, 40708.8, 40011.9, 40381, 589.46381724
1650153600000, 40381.1, 40652.8, 39556, 39681.2, 982.00936665
1650240000000, 39680.5, 41067.3, 38570, 40811.3, 2626.83895679
1650326400000, 40811.3, 41825.8, 40600, 41506.2, 1433.48126987
1650412800000, 41506.2, 42235.7, 40900.8, 41369.9, 1847.47895334
1650499200000, 41370, 42950, 39800.6, 40484.1, 3322.74818736
1650585600000, 40479.1, 40791.3, 39139, 39715.9, 2214.67239669
1650672000000, 39713.5, 39958.4, 39310, 39435.6, 813.96002029
1650758400000, 39439.3, 39911, 39015.8, 39467.9, 1138.59124375
1650844800000, 39456.7, 40614.5, 38200.5, 40438.5, 4131.19598091
1650931200000, 40438.4, 40776.9, 37672, 38121.7, 4450.89465927
1651017600000, 38121.7, 39446.8, 37909.4, 39249.9, 3384.95426898
1651104000000, 39249.9, 40349.8, 38884.4, 39752.8, 3135.47777394
1651190400000, 39749.8, 39920.7, 38131.8, 38599.5, 2451.16979
1651276800000, 38597.5, 38777.4, 37608.7, 37660.8, 1090.27309591
1651363200000, 37660.7, 38660, 37399.4, 38474.1, 1633.98318627
1651449600000, 38470.8, 39169.4, 38011, 38499.9, 2642.20787837
1651536000000, 38499.9, 38645.1, 37507.9, 37727.9, 1875.03601922
1651622400000, 37727.9, 40029.8, 37674.8, 39682.8, 3072.74719791
1651708800000, 39677.6, 39832, 35407, 36542.6, 5103.89656374
1651795200000, 36540.4, 36647, 35280, 36017.4, 2897.56279581
1651881600000, 36017.4, 36105.9, 34755, 35463, 1293.31044199
1651968000000, 35463.1, 35495, 33700, 34024.2, 3717.25105101
1652054400000, 34028.3, 34214.1, 30050, 30075.5, 11297.51359129
1652140800000, 30052.6, 32648.6, 29755, 30999.9, 10419.54135811
1652227200000, 30999.9, 32132, 27700, 28994.1, 14865.74600975
1652313600000, 28998.2, 30075.9, 25332.8, 28943.4, 12160.55241802
1652400000000, 28943.5, 30966, 28684.5, 29222.6, 4289.72165684
1652486400000, 29232.8, 30264, 28600.5, 30048.2, 2749.78304312
1652572800000, 30051.7, 31390, 29452.6, 31296.9, 1579.87172232
1652659200000, 31294.5, 31294.5, 29060, 29826.1, 3703.174505
1652745600000, 29826.1, 30742, 29403, 30408.3, 2810.86074049
1652832000000, 30408.4, 30653.1, 28589.1, 28664.3, 4177.51533145
1652918400000, 28657.6, 30503.7, 28649.2, 30280.7, 3722.85334692
1653004800000, 30283.7, 30721.2, 28700.1, 29167.5, 3717.55661319
1653091200000, 29161.6, 29606.3, 28927.3, 29403.5, 1030.06024928
1653177600000, 29394.4, 30275.6, 29225.7, 29982.8, 1178.62100931
